0.012149903727150912
0.009611348821419834
0.02254356420218552
0.02915941264293263
0.013724681908876196
0.014095322999212248
0.008798993702405215
0.012191543037387575
0.006681931998288298
0.0070114972409924875
0.004890874205708452
0.012705825103272887
0.012589413351951958
102.95745214481761
0.0069633310658956974
3.170621054666348e-9
0.01854794117046359
0.001911331222764842
0.010452491446889391
1.6958774737944402e-8
0.027364815696094995
0.010509339095266919
103.64173991279787
0.012147227882739395
0.0012767811679095327
0.016684736681444184
0.07228715824110997
0.006490576888784776
0.07034373841431062
0.010069717770710356
0.01786569098793252
0.019058270346203717
0.005780590347209385
0.014526719838571628
0.041408441495071974
0.012828361261558282
0.03766862852859794
0.008901053371072654
0.018566681364415628
0.2300985303932386
0.04091647965245343
0.012365927084382753
0.03790066861927295
0.011163441389563537
0.016429125876158503
0.025277572962218876
0.00787970181129545
0.026532191182372513
0.005686164550574008
0.018024511528126213
0.0034208948910311064
0.02061012254554561
0.011354071167977979
0.033956594607629384
0.03284225849325151
0.017218880923587636
0.03273113730642695
0.020429057143892232
0.028407398656386723
0.013382874695066362
0.02368212068391477
0.00835293265876733
0.026410020057172953
0.011763274885699868
0.007941062837654856
0.03232007895798448
0.018231218387784125
0.04054819934984533
0.008294078274878013
0.03075851249276164
0.017337117957945403
0.020481785968959474
0.04204979552178417
0.0396529230242957
0.01649688362674719
0.019579273387490367
0.013452045887536568
0.009995833532146205
0.0545165417991648
0.00881781523017986
1.5062307045442281e-5
0.0006302702123960039
0.0328624963149722
0.04135584341060816
0.012683577559744348
0.018004954943226643
0.010057221553316321
0.01564064904169092
0.008664395696368976
4.063758881475259e-9
0.010990670780738888
0.017041753963039422
0.0035911491868413294
0.0314251923688256
0.029603104331785698
0.018274587697258354
0.019183054115618547
0.004655253016492275
0.014719050053848931
0.025945931789906607
0.005190760632512073
0.013792270193997992
0.0153326291824435
0.006499622184501271
0.0039440013075313415
0.023341676144494672
0.011799492064942475
0.00830899137671234
0.007233690767618259
0.014259150368984673
0.09883016342469929
0.20397811538261493
0.059835196679548015
976.8705832343624
0.06678011619493122
0.5325378024699696
0.1841900978697899
0.11314150808911726
0.32356541638343106
330.6879181455341
0.2427301184730172
0.46545152937794976
940.6896753610846
0.06319925885043161
1.352635592728675
0.1122747858486288
18.0516781001728
0.08443845147031193
34.91899633207013
0.30296322236387513
0.30871051769057933
0.13295101148515884
0.12582926135500777
0.17833272831024688
0.2194677163767076
0.22214623057545033
0.26479966984235964
0.15153277577369528
0.12889774775499782
140.6852996676964
0.4995366660511582
0.18654614618776286
0.25979529714790955
0.2823329505300073
0.18684286298665137
0.12673121338465676
0.2795058066722821
0.26191718108009215
0.6069806645916405
0.1567198242608735
0.05414304129334674
0.17901280186896357
1.2267023226787352
0.4331645934810072
0.1719957818603407
0.3341483076090349
0.18615927385397701
0.3811957206882864
0.1665549895288557
0.6469703434489271
0.20406466262892062
0.3322295397642532
0.24129362812060393
0.5497754184393
0.1769064848844039
0.18728368969748738
0.4104558638838771
0.26493964527944686
0.47910927171221457
0.15235372677770823
7.024632350262818
42.332570188974444
0.1706968470408429
0.15145602985992107
0.5062806037107365
0.240015780214637
0.4652319004223242
0.16353787642765824
25.589231417388874
0.5002642224528293
65958.77273464762
1.8229562552809389
0.15284220094737277
0.1509788766151776
0.1751534085937302
0.429954236561541
0.16489742171582178
1.0827356540542483
0.4757394587344752
0.41007602993281683
0.238275697333836
0.24532166332592167
0.14886088574651235
0.3166829726539719
0.22441662099396473
0.589166750944163
0.1721795056477968
0.18293585197036738
0.14837412780976184
0.9735083085447341
0.12025177482320132
0.3607069824668141
0.11760195951529807
0.32424900898475345
0.282164266208652
0.22503714371733208
0.256474329792094
0.07542545841361473
0.22149320286346447
0.10429229214576036
