0.009611374276767578
0.012128879750834185
0.022543555548962244
0.02915939506056956
0.01372467813868868
0.014095327644873378
0.008798998572302522
0.012191545515532826
0.006681930234789069
0.007011495288035508
0.010509267284911014
0.02711528402600185
103.64172275198904
0.012147224667877203
0.001275219763009401
0.016684727516967174
0.0722889471589953
0.00649057842970811
0.0703420110470053
0.010069725847855393
0.01270589644192615
0.004926705346259908
0.012589350818116192
102.95744647209268
0.00696334572770478
9.31731763296626e-10
0.01854792843934494
0.0019113864267372065
0.010452453241068633
1.2113227731576916e-8
0.019058224228852953
0.01790366054722011
0.005780583679578498
0.01452671722946593
0.04140851221628292
0.01282834942957454
0.0376686301619753
0.008901051710666847
0.01856666940491971
0.2300969953574571
0.012365987246893641
0.04080271222224424
0.037900684605483306
0.01116346021739022
0.01642910915091917
0.025277586988519368
0.007879741803187615
0.026532182207100817
0.005686169892189709
0.01802449674452933
0.02061016920815586
0.0034518403202460604
0.011353989386790251
0.033956568859410306
0.03284223301937464
0.017218871056381736
0.03273112675518593
0.02042907561665188
0.028407397480682963
0.013382806262352671
0.008352893825761954
0.02353818353370247
0.02641005216177373
0.011763271057936679
0.007941034184433511
0.03232008637475235
0.018231205243687543
0.04054820211416451
0.008294080538680049
0.03075851272688959
0.020486193421853472
0.017550796309572618
0.042049804689558684
0.03965292892363459
0.01649701484133789
0.019579286263943303
0.013452074645614922
0.009995794074113409
0.05451653488250468
0.008817764010284203
0.0006265333668509507
0.6856191568021459
0.0328625114319489
0.041355841690612724
0.012683567591581792
0.018004937763793423
0.010057224018208119
0.01564072846794197
0.008664397925496184
1.3685657442983165e-9
0.017041834379940727
0.010805976070731534
0.003591214752883001
0.03142523629199876
0.02960311187574679
0.018274654972188987
0.01918308749399095
0.00465528466710831
0.014719052689506691
0.025945870418591484
0.013792298553503963
0.00523749048022093
0.015332621238881579
0.006499621226985905
0.003944161498483265
0.02334171500940284
0.011799478118082076
0.008308980695557456
0.007233699934551607
0.014259169488978618
0.4654441093623518
0.24074627048887162
940.6896017609088
0.06319916181550574
1.3519988435388888
0.11227485870758833
18.052436002988607
0.08443851088510913
34.91806612772266
0.30296370298614483
0.20397910849059667
0.09729277995226722
0.059834826042901246
976.8705450655406
0.06678018582535941
0.20579497447028172
0.18419001341091817
0.11314341478236362
0.3235644874795194
531.5535238866702
0.13295047364474766
0.3084278643606408
0.12582981712768368
0.17833255355418787
0.219467718214755
0.22214597637720968
0.2647998352947853
0.15153274890715307
0.12889775735236264
140.68512693667287
0.18654768446736036
0.4980761136715943
0.259795356454784
0.28233343169800207
0.18684257241526994
0.12673121922884573
0.27950662181461455
0.2619171239467914
0.6069784948435089
0.15671982857600697
0.1790132663330621
0.05460623910182174
1.2266991139950927
0.4331646730489235
0.17199570584649188
0.33414818521974554
0.18615911846981603
0.38119623859961127
0.16655490431071565
0.646965923757542
0.3322258649057215
0.20635157925362943
0.2412935598559957
0.5497771336724044
0.17690658643028556
0.1872836620269856
0.4104554942361471
0.26493979063789097
0.4791104943549739
0.15235371327736888
42.33562973615132
6.971543681172751
0.1706967891761516
0.1514560476564145
0.5062855143086721
0.24001608597845156
0.46523405293789855
0.16353720734471058
25.58917915765049
0.5002627576313354
1.8171767747509424
490.7425861533348
0.1528423353282316
0.15097887268988253
0.1751532421562086
0.4299532723853844
0.16489735794849886
1.0827398297619921
0.4757412670358382
0.4640018500900154
0.24532276581206483
0.23689278325491694
0.1488601832709641
0.31668344643249957
0.22441669289704763
0.5891706265565375
0.17217982052654573
0.18293720878958003
0.14837418121741117
0.9735031839552251
0.3607065331941069
0.11918484537382089
0.11760207072651226
0.3242464924903203
0.28216876873031393
0.22503765784227092
0.2564740950066921
0.0754253734084489
0.22149220129837693
0.1042923513367021
