0.010407070937384185
0.01049101868969396
0.0163972086494657
0.0217659423227263
0.016166487415887564
0.01583367171780874
0.011642779460681395
0.013343208047734229
0.0162156516368048
0.012596878365175796
0.0076684692293886745
0.0029898457174378345
0.022330431080465278
0.03456944697456581
0.014966936906147706
0.016783005141723078
0.03377630750895556
0.012230789828749351
0.015280549586761893
0.01585447804024607
0.01756866018235843
0.010805749540230076
0.035384368550602605
0.017449766649960733
0.020656698562926682
0.022025477122071764
0.023240956920790205
0.010739268642322348
0.019719464161827356
0.020891276732787303
0.013967731590286511
0.006356306456199085
0.02011139788048006
0.015469878296364559
0.02231378925474501
0.014961846422747562
0.023872691575620216
0.011367693053546653
0.016217983956757973
0.02243508758638213
0.02574142039494258
0.011110194055222301
0.034431302599054664
0.03172825124743204
0.020724085968172393
0.011302518064908645
0.015075472068856857
0.014872871511755129
0.01960767891859884
0.01362712814866558
0.0027979497264452786
0.011841508916778185
0.019155907509954183
0.03142300149451863
0.022329210901382374
0.020373273776238383
0.021771862154259417
0.022099125006612774
0.009869229204226006
0.013928318769414
0.011316056143432666
0.007584763015503384
0.0227955055366397
0.020157238237736297
0.015971005397504682
0.020004261267214482
0.015667158205212642
0.030343992212904847
0.026120521651932432
0.01908385339431257
0.025223913799693583
0.017067884917300557
0.019218639638406494
0.02155235048139611
0.02611558218159196
0.022197901280453285
0.019696042927908542
0.013825179001513074
0.011024358418196701
0.008798186539188584
0.0172304949936221
0.016276538493259485
0.0259404310506061
0.02032969787630031
0.011068864392461394
0.027348618824479063
0.008657286650705401
0.011445242731894867
0.012428407291487266
0.01862232024031611
0.011057363831507997
0.006694204984668298
0.011303297657312077
0.02891118421632119
0.02083675795907247
0.0321589382151435
0.016036545715281705
0.008325928739538632
0.016882963072217032
0.02557862444444535
0.002652974418337742
0.010443446889385699
0.019351684170674715
0.01726302479782045
0.01026188525959151
0.01861812810135918
0.013986169558417605
0.007452737389649929
0.025974080367160556
0.012612301941640397
0.06591532828067942
0.18345661529305782
0.11975237753990986
0.7712916055932115
0.13572960400450018
0.10601461586960995
0.41727234854574446
0.10661199758470494
0.38925281551298546
0.1717728220947073
0.20583757612347034
0.2566518306075776
0.27658101342264124
0.08636666776553291
0.15924368087304305
0.10145131951776803
0.3463969053033051
0.08763465815207563
1.6367636249996012
0.3284434394776474
0.28687573481557577
0.11669908695677439
0.1871403494786521
0.23908684562596483
0.26366057261048975
0.1835554333273863
0.2988128369316454
0.11599676565761696
0.10095316498304849
0.5730027999928007
0.7915864589258998
0.23683146132928354
0.36841919034358617
0.4473113323600534
0.16818042150674964
0.11513994807261596
0.21578895345793442
0.3322736042885236
0.3347806852333064
0.13876663774384787
0.07105003513543671
0.20609248804144722
0.20096990558956568
0.3288958733987844
0.2002137725134804
0.24385207684672755
0.19741481113172882
0.3984024085251889
0.24851221255817932
0.2378923029836231
0.25005585438361
0.14637734750010606
0.23357194373333798
0.23420459093294593
0.16913323995344107
0.26618104675008836
0.1462505645388687
0.32406178445000744
0.4413464932812188
0.2683444952830496
0.9507910083601327
0.4946143499682091
0.2559118000731547
0.1902107330668148
0.24560770262696502
0.23939469240733421
0.29284011193159565
0.14940320300672452
0.12392203623839722
0.07355176102654896
0.3208459547093154
0.4490419484593734
0.19129619768779121
0.11222061805914448
0.1488205815842254
0.21302119346650297
0.15624767608849277
0.1798108050101695
0.3683554501187344
0.294893529235824
0.1227492033385419
0.18632641278062717
0.11140585734874733
0.29424398185618067
0.17727533045716884
0.35267463458888576
0.19716978125088436
0.17693749680739865
0.19942710870900826
0.27031872471830387
0.17799333249017235
0.11804982295187766
0.20110270767127952
0.1816149283568711
0.14472658475262107
0.27739494346770927
0.20873380531624758
0.13722407308683754
0.24553338772928834
0.17121227894197866
