0.00906111438120291
0.010699645331347355
0.021944037068679867
0.02768110817254457
0.013700505117538059
0.014749408820112454
0.009286119663930524
0.012402108070780276
0.00715692796522703
0.007983431367250854
2.3014001981272327e-8
0.014033395017825722
0.059406106386712246
0.02556381368522152
0.0055259446257455444
0.01927829971352691
0.06020438014551725
0.009902604463276812
0.063260025015109
0.01182902977834149
0.003716204356413518
1.2951495567500284
0.027726520779289537
0.029840834473057447
0.010439770009041286
3.890572515289397e-5
0.023654512434884402
0.00042856068320355214
0.00406282384441644
3.407379043759858e-8
0.010278284062554096
0.011381609017141471
0.012148182188485995
0.020111657179723057
0.03646427701667002
0.014215987194025474
0.03211425626750195
0.010782199885121593
0.017119738009362374
0.017052929038197728
0.009709597023670035
0.02880309577194706
0.039788555448463686
0.02380890615007534
0.015175645918298765
0.02261519727902744
0.011084742963706044
0.023018824596990603
0.013818896754264797
0.016035588596672604
0.017347322909481572
0.0025046799016305047
0.020223863191245632
0.032359297682478486
0.030447053415712886
0.017773098664433586
0.02872743244979707
0.01737878087928716
0.02449191304634403
0.009086457846431768
0.0035551211370590673
0.018672171327339674
0.030531699848905768
0.017326738734990237
0.011833449537716268
0.02874732427832519
0.01905456363814596
0.03983205072065966
0.013460375080935946
0.02982328195634533
0.006685775852214092
0.0168935046371749
0.02553998904283187
0.02434739928185927
0.021614667553082865
0.019672863970974272
0.015682790263640185
0.010843794009943215
0.07439999561786681
0.009060127018744486
0.010300664283594996
0.008879158576911992
0.02511084184945212
0.028263830012537905
0.014200862500856677
0.02499907864894576
0.0075725332641086605
0.018451957993428185
0.0065261188049825745
0.004776708254110849
0.011277628411536358
0.0076220455283537575
0.008999308514033284
0.033823758232255606
0.02833314027033983
0.020584159138730917
0.025242334361806174
0.0024498107160239313
0.015781976672332707
0.026825523556979265
0.005337293980453359
0.0044937705573222025
0.021974385638667465
0.012196007391096154
0.005974110563750549
0.02079977505352258
0.012418756775696068
0.011647647102099506
0.009929862878541525
0.01361615837934987
1921.4020281863036
0.14996104700969148
0.19539499218689685
0.09205405426350162
0.24332658794822637
0.09621463681037283
9.049446063850024
0.07693758265028
29.477586472900615
0.35117332805920043
0.14605713060311332
992.79123197549
0.09889343322916619
0.10205473980691848
0.08924962058427677
0.10199630226676745
0.23206650495349407
0.10920583559540847
0.2860013130433342
2432.5624629114736
0.11578061713588031
0.296114125089029
0.17436653323438708
0.2329720032580406
0.2512110690977417
0.2239426514958776
0.2706081677361255
0.15277846562028796
0.11485445104184935
0.8373191012355607
0.16942942673126773
0.5489519488266765
0.30435136451634154
0.4109563274407359
0.1769641917483041
0.13057870495137214
0.22091317835455324
0.25954925231774767
0.47612645503905177
0.1597174506780057
0.17475124261731054
0.0668465293556327
1.2144516804198282
0.394403192237143
0.17233804341829817
0.25867712936626663
0.17028724380627158
0.2969004279232238
0.15686593657967274
0.35433079394345524
0.1800722343633145
0.20125254107522506
0.2752296297713543
0.5881808844787696
0.19060239244550078
0.19333898257379983
0.27725183079467286
0.30187591654772267
0.5307416043635632
0.15704334277751436
0.5808677799070285
0.6193183116777621
0.1658971027775849
0.1436922747591369
0.32517633176984406
0.22649219489076472
0.4000747944770984
0.15679872028233321
28.624878755861843
0.3558689865640409
0.3978370666274456
0.2863691227716574
0.17434872918667388
0.13751080485723416
0.15279221474962734
0.38157838756228707
0.15555767786506092
0.8126624968291651
0.3448631987107279
0.40108060130045486
0.299957628359981
0.12665746286987883
0.1733445715950126
0.30739793072300425
0.21055053646171895
0.5749352177275074
0.23625304987561624
0.14817549860236473
0.14372353728626455
0.8354122192220321
0.14487437034495487
0.18043018228458335
0.15355440361704223
0.4381991981698365
0.15270418605233788
0.20244720988902964
0.2559875088022535
0.09966036194748734
0.28675913629902233
0.09455904154868225
